degree, x, y, distance, frame
55.0, 178.244, 258.895,2.0, 1
undef, 178.265, 258.782,20.785, 2
undef, 178.337, 258.36,2.0, 3
undef, 178.562, 258.562,2.0, 4
-117.0, 177.136, 256.118,2.0, 5
0.0, 178.232, 256.426,1.0, 6
undef, 178.5, 256.0,2.236, 7
-45.0, 179.0, 255.5,2.0, 8
undef, 179.685, 255.325,1.414, 9
0.0, 180.0, 255.0,2.0, 10
undef, 180.589, 254.512,2.236, 11
45.0, 181.367, 255.887,1.0, 12
undef, 181.609, 256.445,2.0, 13
undef, 181.927, 255.761,2.236, 14
45.0, 183.58, 257.143,1.0, 15
-27.0, 185.176, 256.896,0.0, 16
63.0, 186.66, 258.24,1.732, 17
0.0, 188.201, 258.361,1.732, 18
37.0, 192.368, 261.204,2.449, 19
0.0, 194.18, 261.679,2.646, 20
45.0, 197.626, 264.174,2.449, 21
18.0, 200.255, 265.676,0.0, 22
27.0, 204.5, 267.5,2.449, 23
18.0, 207.284, 268.716,2.449, 24
27.0, 211.173, 270.392,2.449, 25
-45.0, 213.905, 268.272,2.449, 26
11.0, 218.722, 269.364,2.0, 27
22.0, 223.435, 271.09,0.0, 28
18.0, 226.609, 272.48,2.646, 29
27.0, 228.838, 273.619,2.449, 30
11.0, 233.567, 274.107,2.646, 31
34.0, 236.0, 276.5,0.0, 32
63.0, 237.85, 278.077,1.0, 33
63.0, 238.0, 280.0,1.732, 34
45.0, 239.801, 281.962,1.732, 35
63.0, 240.705, 283.294,2.0, 36
27.0, 242.193, 284.328,1.732, 37
undef, 242.778, 284.954,2.646, 38
27.0, 244.99, 285.09,2.0, 39
0.0, 247.643, 285.985,2.646, 40
0.0, 250.5, 285.5,2.646, 41
0.0, 253.146, 285.293,2.646, 42
-45.0, 254.676, 284.354,2.646, 43
0.0, 257.0, 284.5,1.414, 44
0.0, 258.0, 284.0,2.646, 45
-45.0, 259.688, 283.237,2.236, 46
0.0, 263.0, 283.0,1.414, 47
-45.0, 264.619, 282.483,0.0, 48
-14.0, 268.895, 281.045,1.414, 49
-27.0, 272.376, 279.523,2.236, 50
0.0, 275.5, 279.0,2.449, 51
-13.0, 284.002, 277.491,2.646, 52
-14.0, 288.806, 276.131,3.0, 53
-27.0, 292.769, 274.538,2.236, 54
-14.0, 296.543, 273.63,2.449, 55
-18.0, 299.086, 272.983,2.236, 56
0.0, 301.97, 272.632,2.0, 57
0.0, 304.625, 272.0,2.449, 58
-18.0, 307.024, 271.262,2.646, 59
-45.0, 308.989, 270.864,2.0, 60
0.0, 311.176, 270.387,1.414, 61
-45.0, 312.746, 269.547,2.646, 62
0.0, 314.068, 269.315,1.414, 63
-45.0, 315.062, 268.98,2.449, 64
undef, 315.373, 268.927,1.414, 65
135.0, 314.981, 269.691,2.0, 66
45.0, 316.135, 271.257,2.449, 67
undef, 316.668, 272.658,0.0, 68
undef, 316.691, 273.714,2.236, 69
undef, 316.767, 275.861,2.236, 70
63.0, 317.071, 277.5,1.414, 71
undef, 317.28, 278.839,1.732, 72
undef, 317.115, 280.426,2.236, 73
undef, 317.149, 282.355,1.414, 74
undef, 317.5, 283.5,1.414, 75
63.0, 318.435, 285.404,2.236, 76
undef, 318.986, 285.979,1.732, 77
45.0, 319.735, 286.738,2.0, 78
45.0, 320.786, 287.167,2.0, 79
undef, 320.87, 288.234,2.0, 80
0.0, 321.812, 288.812,2.236, 81
undef, 321.651, 288.671,2.236, 82
135.0, 320.293, 289.707,2.0, 83
153.0, 318.746, 290.873,2.449, 84
135.0, 317.051, 291.803,2.236, 85
180.0, 315.476, 291.476,2.449, 86
162.0, 312.922, 292.276,2.449, 87
180.0, 310.613, 292.778,2.828, 88
153.0, 306.933, 294.371,2.449, 89
158.0, 301.522, 296.909,1.414, 90
153.0, 297.012, 298.548,2.646, 91
158.0, 292.6, 300.237,1.414, 92
153.0, 288.232, 302.326,2.646, 93
153.0, 284.101, 304.627,1.414, 94
153.0, 280.137, 306.113,1.414, 95
146.0, 277.465, 308.225,1.414, 96
149.0, 272.34, 311.935,1.0, 97
135.0, 268.019, 315.653,2.828, 98
135.0, 264.54, 319.246,3.464, 99
135.0, 261.205, 322.55,3.464, 100
153.0, 257.5, 324.923,1.414, 101
135.0, 255.0, 326.568,1.414, 102
153.0, 251.5, 328.455,2.0, 103
143.0, 247.5, 331.667,1.414, 104
143.0, 243.5, 334.5,1.0, 105
-162.0, 240.0, 333.5,1.0, 106
162.0, 237.0, 334.0,1.414, 107
180.0, 234.5, 334.5,2.828, 108
180.0, 231.5, 334.5,2.646, 109
-162.0, 228.5, 333.0,2.646, 110
146.0, 225.0, 335.0,1.414, 111
180.0, 221.0, 335.0,1.0, 112
180.0, 217.0, 335.0,2.828, 113
180.0, 213.5, 335.0,2.828, 114
180.0, 211.0, 335.0,2.828, 115
-2.0, 524.0, 325.25,2.449, 117
162.0, 521.0, 326.909,17.464, 118
117.0, 520.0, 328.477,2.828, 119
180.0, 519.5, 328.682,1.732, 120
undef, 519.5, 327.804,2.236, 121
undef, 519.0, 327.978,1.0, 122
135.0, 517.0, 329.391,2.0, 123
-135.0, 516.5, 328.848,2.0, 124
undef, 516.5, 328.848,0.0, 125
undef, 516.5, 328.5,2.0, 126
0.0, 517.0, 328.688,2.0, 127
undef, 517.0, 327.34,2.236, 128
180.0, 516.5, 327.154,1.0, 129
undef, 516.5, 327.154,2.236, 130
-45.0, 517.0, 326.385,2.0, 131
undef, 517.0, 326.385,1.414, 132
135.0, 516.5, 327.154,2.0, 133
undef, 516.5, 326.321,2.449, 134
undef, 516.97, 327.242,1.0, 135
0.0, 517.0, 327.231,2.236, 136
undef, 517.0, 326.981,2.236, 137
180.0, 516.687, 326.12,1.0, 138
undef, 516.059, 327.979,2.236, 139
-135.0, 515.23, 326.586,2.236, 140
45.0, 516.5, 327.154,0.0, 141
undef, 516.0, 325.862,2.0, 142
undef, 516.0, 325.862,1.414, 143
undef, 516.5, 325.672,2.0, 144
undef, 516.5, 325.033,2.0, 145
undef, 516.0, 327.327,2.0, 146
-117.0, 515.0, 325.583,1.414, 147
-27.0, 517.118, 324.807,1.0, 148
117.0, 516.5, 326.107,1.732, 149
undef, 516.5, 326.321,1.732, 150
-27.0, 518.079, 325.453,2.0, 151
180.0, 516.5, 325.466,1.732, 152
-163.0, 205.0, 229.0,2.449, 153
undef, 205.5, 201.0,19.105, 154
-79.0, 210.0, 175.0,4.899, 155
-85.0, 212.0, 151.5,5.385, 156
-85.0, 214.618, 127.603,4.243, 157
-82.0, 217.0, 106.5,4.243, 158
-85.0, 219.419, 85.797,4.899, 159
-83.0, 221.0, 68.5,4.796, 160
-83.0, 223.914, 51.5,4.359, 161
-82.0, 225.811, 36.385,4.359, 162
-82.0, 227.722, 22.811,3.0, 163
-80.0, 229.0, 11.0,4.0, 164
48.0, 517.0, 326.981,2.236, 165
undef, 517.0, 326.333,5.196, 166
undef, 517.0, 326.333,2.0, 167
180.0, 516.5, 326.321,2.0, 168
0.0, 517.282, 326.47,2.236, 169
undef, 517.0, 326.574,2.236, 170
180.0, 516.5, 326.759,2.0, 171
undef, 516.5, 326.759,2.236, 172
undef, 516.5, 327.154,2.0, 173
-45.0, 517.5, 326.5,2.236, 174
180.0, 515.5, 326.2,1.414, 175
-45.0, 516.5, 325.767,2.449, 176
undef, 516.5, 325.6,1.414, 177
0.0, 517.0, 325.4,2.0, 178
undef, 517.0, 325.4,2.236, 179
-45.0, 518.977, 324.074,2.0, 180
117.0, 517.0, 326.052,1.414, 181
-130.0, 258.408, 16.676,1.732, 182
86.0, 259.327, 30.31,7.416, 183
82.0, 261.195, 44.89,3.873, 184
87.0, 262.765, 61.585,3.464, 185
84.0, 264.038, 79.885,4.472, 186
87.0, 265.077, 98.846,4.0, 187
42.0, 516.5, 325.672,4.243, 188
45.0, 517.5, 326.574,4.899, 189
undef, 517.489, 327.184,2.0, 190
undef, 517.818, 325.636,2.236, 191
-157.0, 270.976, 220.289,1.414, 192
23.0, 516.5, 326.107,12.57, 193
undef, 516.5, 326.5,12.49, 194
135.0, 515.397, 327.853,2.0, 195
0.0, 516.44, 327.519,2.449, 196
-135.0, 515.5, 326.792,2.236, 197
0.0, 519.0, 326.7,0.0, 198
135.0, 518.0, 327.64,0.0, 199
180.0, 516.964, 327.352,2.449, 200
-27.0, 518.418, 326.886,2.449, 201
135.0, 517.5, 327.18,1.732, 202
undef, 517.258, 327.258,2.449, 203
undef, 517.0, 327.34,2.0, 204
undef, 517.567, 328.073,2.0, 205
undef, 517.5, 328.1,2.236, 206
undef, 517.214, 328.214,2.0, 207
undef, 517.214, 328.214,2.0, 208
undef, 517.0, 328.3,2.0, 209
180.0, 516.88, 328.348,2.0, 210
undef, 516.5, 328.308,2.236, 211
-72.0, 517.774, 325.732,2.0, 212
undef, 517.0, 327.865,0.0, 213
-117.0, 516.5, 325.672,1.414, 214
undef, 516.5, 326.714,1.0, 215
0.0, 517.511, 326.317,2.236, 216
undef, 517.0, 325.862,2.236, 217
0.0, 518.609, 325.252,1.0, 218
117.0, 517.0, 327.327,2.236, 219
-45.0, 518.0, 326.981,1.732, 220
undef, 518.0, 326.574,1.414, 221
180.0, 517.0, 326.574,2.0, 222
undef, 517.0, 326.944,2.236, 223
-166.0, 160.5, 240.0,2.0, 224
-77.0, 166.5, 213.0,17.464, 225
-73.0, 174.164, 187.937,4.123, 226
-74.0, 181.845, 162.5,4.243, 227
-77.0, 186.0, 141.5,5.657, 228
-73.0, 192.283, 121.651,4.243, 229
-69.0, 199.0, 103.0,3.162, 230
-72.0, 206.659, 82.829,4.796, 231
-67.0, 212.298, 68.348,4.472, 232
-65.0, 219.08, 53.553,3.464, 233
-67.0, 224.0, 41.0,3.742, 234
-63.0, 230.324, 29.324,1.732, 235
-59.0, 236.553, 19.08,1.414, 236
-56.0, 242.5, 10.95,4.0, 237
49.0, 517.0, 323.75,3.873, 238
undef, 517.5, 325.2,6.782, 239
undef, 517.5, 324.565,1.414, 240
undef, 517.0, 324.758,1.0, 241
undef, 517.0, 325.862,2.0, 242
undef, 517.316, 324.771,2.236, 243
undef, 517.5, 325.333,1.0, 244
-153.0, 515.337, 324.386,2.236, 245
undef, 515.0, 324.286,1.0, 246
72.0, 516.742, 327.04,2.0, 247
-45.0, 517.484, 326.765,1.414, 248
-135.0, 515.309, 324.384,1.414, 249
-124.0, 315.5, 25.0,0.0, 250
63.0, 320.5, 35.5,21.932, 251
67.0, 325.863, 47.629,3.873, 252
67.0, 331.598, 61.598,4.583, 253
55.0, 515.0, 326.621,2.828, 254
-127.0, 341.792, 94.787,20.905, 255
72.0, 347.348, 113.686,8.832, 256
76.0, 352.589, 133.107,4.583, 257
75.0, 358.0, 156.0,5.385, 258
77.0, 363.131, 178.281,4.123, 259
44.0, 518.0, 326.778,4.359, 260
undef, 518.569, 325.902,1.732, 261
117.0, 517.0, 327.185,1.0, 262
-45.0, 518.039, 326.11,1.732, 263
153.0, 516.945, 327.207,1.414, 264
-45.0, 517.484, 326.765,2.236, 265
undef, 517.254, 326.85,1.414, 266
undef, 517.0, 326.052,2.0, 267
180.0, 516.0, 326.466,2.0, 268
undef, 516.0, 325.862,2.236, 269
undef, 516.5, 325.672,1.0, 270
undef, 516.5, 325.672,2.0, 271
undef, 516.0, 325.862,2.0, 272
135.0, 515.0, 326.241,2.0, 273
-45.0, 516.5, 325.672,2.449, 274
-135.0, 515.5, 324.952,1.414, 275
undef, 515.5, 324.952,0.0, 276
45.0, 516.5, 325.672,2.0, 277
135.0, 515.5, 326.052,2.0, 278
-45.0, 516.5, 325.672,2.449, 279
0.0, 517.0, 325.483,1.414, 280
180.0, 516.55, 325.654,2.236, 281
undef, 516.5, 325.033,2.236, 282
undef, 516.767, 326.148,2.0, 283
180.0, 515.0, 326.879,2.236, 284
-45.0, 516.786, 325.486,2.236, 285
undef, 516.5, 325.6,1.414, 286
180.0, 515.009, 325.58,2.0, 287
undef, 515.247, 326.101,2.236, 288
-45.0, 516.5, 325.033,2.236, 289
undef, 516.5, 325.033,1.414, 290
0.0, 517.0, 325.4,2.0, 291
180.0, 515.0, 325.583,2.236, 292
undef, 515.26, 326.143,2.449, 293
undef, 515.997, 325.801,2.236, 294
135.0, 512.5, 328.611,1.0, 295
45.0, 513.284, 329.041,1.414, 296
undef, 513.0, 327.707,2.0, 297
180.0, 512.5, 327.19,1.414, 298
0.0, 513.0, 327.0,2.236, 299
-112.0, 435.682, 137.0,2.236, 300
-84.0, 437.5, 117.4,15.492, 301
70.0, 515.675, 326.402,3.742, 302
-107.0, 439.595, 83.662,12.45, 303
73.0, 515.808, 326.731,12.845, 304
-105.0, 441.805, 55.021,13.82, 305
75.0, 516.0, 327.315,17.972, 306
-104.0, 444.03, 32.182,18.735, 307
undef, 444.901, 21.459,18.894, 308
-76.0, 446.462, 13.769,2.646, 309
78.0, 514.951, 326.66,1.414, 310
0.0, 515.0, 326.643,19.416, 311
undef, 515.474, 326.474,2.236, 312
162.0, 512.523, 327.181,2.0, 313
undef, 512.497, 327.537,2.828, 314
undef, 512.497, 327.537,2.0, 315
-27.0, 514.609, 326.782,2.0, 316
-45.0, 515.009, 325.58,1.732, 317
-135.0, 514.0, 324.875,1.414, 318
undef, 514.486, 325.772,0.0, 319
undef, 514.254, 325.857,2.236, 320
undef, 514.0, 327.0,2.0, 321
-45.0, 516.023, 325.853,1.414, 322
158.0, 511.5, 327.893,2.0, 323
-53.0, 514.0, 323.667,2.646, 324
-99.0, 472.654, 57.654,1.732, 325
79.0, 475.259, 72.0,16.971, 326
81.0, 516.0, 325.145,3.464, 327
-100.0, 479.0, 105.5,17.205, 328
80.0, 516.0, 324.672,15.588, 329
-100.0, 483.661, 144.5,15.937, 330
85.0, 485.0, 166.0,11.958, 331
79.0, 515.5, 324.758,4.472, 332
135.0, 514.0, 325.29,11.314, 333
undef, 514.0, 325.95,2.449, 334
0.0, 515.265, 325.43,2.0, 335
undef, 515.0, 325.532,2.236, 336
undef, 515.5, 325.339,2.0, 337
180.0, 514.753, 325.628,2.0, 338
0.0, 515.5, 325.339,2.236, 339
undef, 515.5, 325.339,2.236, 340
180.0, 514.753, 325.628,2.0, 341
0.0, 515.5, 325.339,2.236, 342
180.0, 514.753, 325.628,2.236, 343
undef, 514.0, 325.29,2.236, 344
-159.0, 424.5, 290.0,2.0, 345
20.0, 515.0, 324.935,8.426, 346
undef, 515.5, 324.688,11.0, 347
135.0, 514.5, 325.062,2.0, 348
135.0, 513.5, 326.113,2.449, 349
-45.0, 514.5, 325.726,2.449, 350
135.0, 513.5, 326.113,1.414, 351
undef, 513.5, 325.688,2.449, 352
166.0, 509.5, 326.938,1.0, 353
undef, 509.5, 327.661,2.646, 354
45.0, 510.0, 328.2,2.236, 355
-45.0, 511.648, 327.541,2.0, 356
135.0, 510.0, 328.2,1.414, 357
180.0, 507.0, 328.629,2.449, 358
-34.0, 510.184, 326.681,2.646, 359
0.0, 511.807, 326.072,1.732, 360
undef, 511.728, 326.799,2.236, 361
0.0, 513.224, 326.22,2.0, 362
162.0, 510.319, 327.344,2.449, 363
180.0, 507.5, 327.688,2.828, 364
45.0, 508.0, 328.242,2.646, 365
-27.0, 510.319, 327.344,2.0, 366
153.0, 508.0, 328.242,1.732, 367
-27.0, 512.547, 326.482,2.236, 368
153.0, 508.0, 328.242,2.449, 369
-34.0, 511.496, 326.888,1.414, 370
146.0, 508.0, 328.242,1.732, 371
-21.0, 516.0, 325.145,1.0, 372
159.0, 508.5, 328.048,3.0, 373
-34.0, 511.5, 326.887,2.236, 374
135.0, 510.834, 327.145,1.732, 375
undef, 510.5, 328.0,2.449, 376
-34.0, 513.908, 326.637,2.236, 377
undef, 513.908, 326.637,1.732, 378
-45.0, 514.5, 325.113,2.0, 379
-45.0, 515.0, 324.875,1.414, 380
151.0, 506.0, 329.016,1.414, 381
-23.0, 513.5, 326.113,1.414, 382
undef, 513.5, 326.8,2.449, 383
-45.0, 514.5, 325.062,2.0, 384
180.0, 512.5, 325.812,1.414, 385
undef, 512.5, 325.812,2.449, 386
undef, 512.5, 325.812,2.0, 387
-18.0, 515.5, 324.688,2.0, 388
162.0, 509.5, 326.938,2.0, 389
-11.0, 514.5, 325.726,2.828, 390
153.0, 512.384, 326.545,2.449, 391
153.0, 510.834, 327.145,2.236, 392
-27.0, 516.0, 324.5,2.236, 393
153.0, 514.5, 325.062,2.646, 394
-27.0, 516.0, 324.5,2.236, 395
undef, 516.0, 323.0,1.732, 396
undef, 516.0, 324.5,1.0, 397
undef, 516.0, 324.5,2.236, 398
180.0, 515.5, 324.875,2.0, 399
undef, 515.5, 324.875,2.236, 400
undef, 515.5, 324.875,2.0, 401
135.0, 514.5, 325.281,2.0, 402
undef, 514.0, 325.484,2.449, 403
undef, 514.0, 325.015,2.0, 404
0.0, 515.0, 325.078,2.0, 405
180.0, 513.5, 325.688,2.236, 406
-27.0, 515.0, 324.5,2.449, 407
undef, 515.5, 324.875,1.732, 408
undef, 515.5, 324.875,2.0, 409
135.0, 514.5, 325.281,2.0, 410
-27.0, 516.0, 324.5,2.449, 411
undef, 516.5, 323.206,1.732, 412
124.0, 514.5, 326.4,1.0, 413
undef, 514.5, 326.4,1.732, 414
0.0, 515.439, 326.176,2.0, 415
undef, 515.401, 326.468,2.236, 416
-63.0, 516.06, 324.648,2.0, 417
180.0, 515.0, 324.5,1.0, 418
undef, 515.596, 324.277,2.236, 419
162.0, 512.0, 325.625,2.0, 420
45.0, 513.0, 326.581,2.828, 421
153.0, 509.5, 328.048,2.0, 422
180.0, 506.0, 328.734,1.414, 423
0.0, 507.0, 328.328,2.646, 424
-14.0, 511.0, 327.081,2.236, 425
180.0, 510.5, 327.274,2.236, 426
-63.0, 511.0, 325.318,2.236, 427
166.0, 507.5, 326.591,1.0, 428
153.0, 505.5, 327.318,2.646, 429
undef, 505.5, 327.318,2.236, 430
45.0, 506.5, 328.531,2.0, 431
undef, 506.0, 328.734,2.0, 432
-24.0, 515.0, 324.5,2.0, 433
153.0, 513.5, 325.688,3.0, 434
153.0, 509.5, 327.312,2.236, 435
undef, 509.819, 327.183,1.414, 436
undef, 509.5, 326.591,2.0, 437
0.0, 510.5, 326.197,1.0, 438
146.0, 507.0, 328.328,2.236, 439
-22.0, 512.727, 326.002,1.0, 440
-45.0, 513.5, 325.015,2.236, 441
undef, 513.0, 325.212,1.414, 442
undef, 513.5, 325.015,2.0, 443
undef, 513.5, 325.015,2.0, 444
180.0, 511.5, 325.5,2.0, 445
0.0, 512.0, 325.328,2.449, 446
157.0, 505.5, 328.167,2.236, 447
180.0, 504.5, 328.561,2.449, 448
-135.0, 503.5, 327.139,2.236, 449
-14.0, 507.0, 326.125,0.0, 450
180.0, 505.661, 326.298,2.236, 451
0.0, 506.0, 326.9,2.449, 452
180.0, 505.0, 326.556,2.236, 453
-23.0, 512.5, 323.639,2.236, 454
180.0, 511.792, 323.311,2.449, 455
undef, 511.0, 324.222,2.236, 456
135.0, 508.5, 327.312,2.236, 457
-45.0, 509.5, 326.591,1.414, 458
180.0, 508.0, 326.824,1.414, 459
undef, 508.5, 325.9,2.236, 460
-154.0, 146.0, 150.0,1.0, 461
-78.0, 151.0, 127.5,21.237, 462
29.0, 509.0, 326.074,4.899, 463
-146.0, 158.75, 89.375,20.421, 464
-74.0, 163.0, 71.0,20.833, 465
37.0, 507.0, 327.576,4.583, 466
-139.0, 172.0, 38.5,9.592, 467
-72.0, 176.0, 26.0,10.488, 468
-77.0, 179.662, 13.941,2.0, 469
43.0, 516.309, 324.384,4.0, 470
157.0, 509.692, 327.235,10.1, 471
-18.0, 512.936, 326.331,2.449, 472
-45.0, 513.633, 325.633,2.0, 473
undef, 513.231, 325.797,1.414, 474
0.0, 514.0, 325.25,2.0, 475
-45.0, 515.636, 324.636,2.236, 476
143.0, 511.559, 327.577,1.414, 477
undef, 511.439, 323.439,1.0, 478
153.0, 505.598, 326.801,0.0, 479
-13.0, 514.5, 324.409,2.646, 480
157.0, 507.0, 327.136,3.0, 481
135.0, 506.5, 328.7,2.449, 482
-22.0, 511.326, 326.954,2.449, 483
-45.0, 513.253, 324.862,2.236, 484
-131.0, 239.5, 11.569,2.0, 485
73.0, 243.0, 24.0,6.403, 486
73.0, 247.5, 37.5,4.583, 487
77.0, 251.0, 54.2,4.583, 488
81.0, 254.191, 72.337,4.123, 489
81.0, 257.629, 92.375,4.123, 490
42.0, 514.5, 323.329,5.196, 491
undef, 514.5, 323.329,22.045, 492
0.0, 515.0, 323.143,2.0, 493
-152.0, 272.301, 192.482,2.236, 494
80.0, 277.0, 220.5,11.832, 495
23.0, 514.0, 323.7,6.083, 496
180.0, 513.5, 323.129,11.747, 497
undef, 513.5, 322.861,2.236, 498
45.0, 515.0, 324.5,1.0, 499
157.0, 508.0, 327.922,0.0, 500
-23.0, 515.612, 324.83,2.449, 501
135.0, 514.0, 325.484,2.449, 502
180.0, 512.5, 325.409,2.449, 503
-14.0, 516.022, 324.022,2.449, 504
-162.0, 513.0, 323.625,2.236, 505
undef, 513.5, 323.417,1.414, 506
undef, 513.5, 323.417,2.0, 507
0.0, 514.0, 323.056,2.0, 508
-27.0, 516.5, 322.083,2.236, 509
162.0, 513.0, 323.444,1.732, 510
180.0, 512.6, 323.6,2.828, 511
undef, 512.6, 323.6,2.236, 512
0.0, 514.0, 323.056,2.0, 513
180.0, 513.5, 323.25,2.449, 514
-27.0, 515.0, 322.667,2.236, 515
undef, 515.5, 322.472,1.732, 516
158.0, 510.948, 324.48,2.0, 517
-22.0, 515.0, 322.667,2.646, 518
162.0, 512.747, 323.543,2.236, 519
undef, 512.842, 325.684,2.828, 520
undef, 512.315, 326.169,1.414, 521
undef, 512.727, 326.002,2.236, 522
-56.0, 514.5, 323.971,2.0, 523
undef, 514.5, 323.971,1.732, 524
153.0, 512.67, 324.67,2.0, 525
undef, 512.67, 324.67,2.236, 526
undef, 512.192, 326.219,2.0, 527
undef, 512.192, 326.219,1.414, 528
undef, 512.67, 324.67,2.0, 529
0.0, 514.029, 324.151,1.414, 530
undef, 514.0, 324.162,2.449, 531
180.0, 512.5, 324.773,2.0, 532
undef, 512.5, 325.438,2.449, 533
-27.0, 514.5, 324.688,2.236, 534
undef, 514.5, 325.281,1.732, 535
undef, 514.5, 325.281,2.236, 536
undef, 514.0, 324.162,2.0, 537
-174.0, 195.076, 289.298,1.0, 538
-82.0, 200.629, 254.79,16.971, 539
-82.0, 205.0, 217.5,5.292, 540
-83.0, 209.5, 184.0,5.831, 541
-83.0, 213.732, 151.995,6.083, 542
-81.0, 218.5, 121.0,6.083, 543
-82.0, 222.0, 93.0,5.0, 544
-82.0, 226.0, 66.0,4.472, 545
-83.0, 229.696, 42.805,4.359, 546
-79.0, 234.0, 17.0,4.123, 547
47.0, 515.173, 322.555,5.477, 548
153.0, 513.038, 323.43,6.633, 549
180.0, 512.517, 323.632,2.236, 550
135.0, 510.0, 325.3,2.236, 551
-27.0, 516.0, 322.9,2.0, 552
undef, 516.455, 322.718,2.646, 553
180.0, 515.164, 322.71,2.0, 554
143.0, 511.0, 325.309,2.236, 555
0.0, 513.5, 325.468,1.0, 556
-63.0, 514.0, 323.143,2.449, 557
0.0, 515.5, 323.059,1.0, 558
45.0, 516.361, 324.452,2.236, 559
undef, 516.806, 324.833,2.0, 560
162.0, 513.0, 325.25,2.0, 561
-153.0, 511.5, 324.071,2.828, 562
-45.0, 512.5, 323.639,1.0, 563
0.0, 515.5, 323.1,1.414, 564
162.0, 512.5, 324.735,2.646, 565
0.0, 513.0, 324.544,2.828, 566
undef, 513.382, 324.398,2.236, 567
undef, 513.161, 324.482,2.0, 568
-45.0, 514.5, 323.329,2.0, 569
0.0, 515.603, 323.549,1.414, 570
148.0, 507.0, 328.629,2.236, 571
undef, 507.0, 328.629,3.873, 572
135.0, 506.0, 329.516,2.0, 573
-23.0, 513.5, 326.371,2.449, 574
0.0, 514.0, 326.161,2.449, 575
-120.0, 332.0, 14.561,2.236, 576
83.0, 335.136, 38.773,19.748, 577
84.0, 338.39, 65.593,5.568, 578
82.0, 342.142, 93.676,4.899, 579
83.0, 346.072, 124.601,6.0, 580
85.0, 349.314, 157.593,5.196, 581
86.0, 351.5, 187.741,6.164, 582
98.0, 348.5, 208.0,5.292, 583
34.0, 514.0, 322.957,5.292, 584
undef, 514.847, 322.667,14.56, 585
153.0, 510.0, 324.329,2.0, 586
-14.0, 514.799, 323.856,1.414, 587
undef, 514.0, 324.162,2.236, 588
-135.0, 513.5, 323.9,2.236, 589
undef, 513.5, 324.353,0.0, 590
180.0, 512.5, 324.071,2.236, 591
undef, 512.5, 324.071,2.236, 592
-18.0, 515.603, 323.549,2.0, 593
45.0, 516.56, 324.929,2.0, 594
undef, 516.5, 324.952,2.0, 595
undef, 516.0, 324.581,2.0, 596
-135.0, 515.5, 323.059,2.0, 597
-45.0, 516.0, 322.882,0.0, 598
162.0, 513.0, 323.941,1.414, 599
0.0, 516.0, 323.397,2.828, 600
135.0, 515.5, 324.045,2.646, 601
undef, 515.299, 324.118,2.449, 602
0.0, 516.0, 324.5,2.0, 603
135.0, 515.509, 325.335,2.236, 604
undef, 515.5, 324.125,2.449, 605
undef, 515.08, 324.269,1.0, 606
undef, 515.606, 324.089,2.0, 607
undef, 515.357, 322.639,2.0, 608
undef, 515.808, 324.106,1.414, 609
undef, 515.0, 323.864,1.414, 610
180.0, 514.5, 323.971,1.0, 611
0.0, 515.312, 323.66,2.236, 612
180.0, 514.5, 323.971,2.236, 613
0.0, 515.825, 323.464,2.236, 614
135.0, 514.0, 324.162,2.236, 615
-173.0, 132.63, 278.007,2.449, 616
-80.0, 138.844, 243.858,18.33, 617
-77.0, 146.5, 209.5,5.0, 618
-78.0, 153.5, 177.5,6.481, 619
-76.0, 161.0, 146.0,5.385, 620
-76.0, 168.5, 117.5,4.359, 621
-75.0, 175.04, 91.885,5.292, 622
-74.0, 182.0, 67.5,5.568, 623
-75.0, 188.234, 45.617,4.583, 624
-72.0, 195.755, 23.378,4.472, 625
-68.0, 201.5, 8.0,4.359, 626
45.0, 515.5, 324.875,3.606, 627
undef, 515.5, 324.379,11.045, 628
-45.0, 516.0, 323.397,2.0, 629
undef, 516.0, 323.397,1.414, 630
undef, 516.0, 323.397,2.0, 631
180.0, 515.5, 323.588,2.0, 632
153.0, 511.089, 325.275,2.236, 633
-27.0, 513.5, 324.353,1.414, 634
-45.0, 514.5, 323.971,1.732, 635
63.0, 515.0, 325.532,1.414, 636
135.0, 514.5, 326.4,1.732, 637
-72.0, 515.0, 323.779,2.449, 638
108.0, 514.5, 326.4,0.0, 639
-135.0, 513.5, 325.015,2.0, 640
undef, 513.5, 325.015,0.0, 641
-27.0, 515.0, 324.424,2.0, 642
180.0, 514.398, 324.661,1.732, 643
undef, 514.532, 323.958,2.236, 644
0.0, 516.095, 323.993,1.0, 645
undef, 516.052, 324.01,2.449, 646
180.0, 515.79, 324.757,2.236, 647
undef, 515.898, 324.713,2.236, 648
180.0, 514.5, 324.688,2.0, 649
-122.0, 324.88, 22.222,2.236, 650
75.0, 329.339, 41.101,20.0, 651
56.0, 516.5, 323.938,4.69, 652
-127.0, 338.802, 83.198,20.421, 653
54.0, 515.0, 324.424,9.487, 654
146.0, 512.5, 326.094,8.246, 655
-27.0, 514.0, 325.532,1.0, 656
162.0, 511.5, 326.177,1.732, 657
-18.0, 514.521, 325.106,2.828, 658
0.0, 516.0, 325.145,2.0, 659
180.0, 515.5, 325.81,2.449, 660
-166.0, 511.98, 324.673,2.236, 661
18.0, 514.5, 325.062,1.732, 662
45.0, 515.473, 326.011,2.449, 663
undef, 515.5, 324.688,2.0, 664
146.0, 512.0, 326.0,1.414, 665
undef, 512.0, 325.318,1.0, 666
undef, 512.89, 325.666,1.0, 667
undef, 512.89, 325.666,2.0, 668
153.0, 508.5, 327.312,2.0, 669
-18.0, 514.985, 325.538,1.414, 670
135.0, 513.5, 326.113,2.828, 671
180.0, 512.5, 326.5,2.449, 672
-27.0, 514.5, 325.281,2.236, 673
180.0, 513.5, 325.688,1.732, 674
0.0, 514.0, 325.484,2.236, 675
180.0, 513.0, 325.891,2.236, 676
135.0, 512.5, 326.344,2.236, 677
-27.0, 514.0, 325.688,2.449, 678
180.0, 513.5, 325.015,1.732, 679
undef, 513.5, 325.015,2.236, 680
180.0, 512.939, 325.236,2.0, 681
-27.0, 514.0, 324.818,2.236, 682
153.0, 512.791, 325.294,1.732, 683
undef, 512.791, 325.294,2.236, 684
0.0, 514.5, 325.726,2.0, 685
166.0, 506.5, 327.219,2.449, 686
-18.0, 515.5, 324.688,2.449, 687
0.0, 516.0, 324.03,2.828, 688
undef, 516.069, 324.474,2.236, 689
180.0, 515.931, 324.526,2.0, 690
undef, 515.823, 324.191,2.236, 691
-18.0, 518.5, 323.094,2.0, 692
11.0, 523.5, 324.615,2.0, 693
49.0, 529.0, 331.889,0.0, 694
-176.0, 238.5, 311.0,1.0, 696
8.0, 386.0, 331.5,17.349, 700
-172.0, 224.5, 307.0,11.832, 701
0.0, 225.0, 307.0,13.342, 702
-5.0, 476.0, 286.5,2.236, 703
undef, 476.0, 286.5,15.492, 704
180.0, 475.0, 286.0,2.0, 705
undef, 475.5, 285.5,2.236, 706
44.0, 518.617, 327.019,1.0, 707
180.0, 513.282, 327.439,1.0, 708
27.0, 515.0, 328.3,1.0, 709
undef, 515.0, 326.879,2.646, 710
undef, 515.0, 325.742,1.414, 711
undef, 515.5, 323.588,1.0, 712
124.0, 513.0, 326.125,1.414, 713
-153.0, 511.0, 325.309,1.732, 714
27.0, 513.0, 326.125,1.0, 715
180.0, 512.253, 326.894,2.646, 716
153.0, 506.5, 329.6,2.236, 717
-21.0, 514.95, 326.22,2.646, 718
157.0, 507.0, 329.097,3.0, 719
undef, 507.0, 328.75,2.449, 720
undef, 507.0, 328.328,1.0, 721
undef, 507.0, 328.328,2.0, 722
-135.0, 506.0, 327.875,2.0, 723
undef, 506.0, 326.838,0.0, 724
18.0, 509.0, 327.065,1.0, 725
-162.0, 506.307, 326.721,2.449, 726
undef, 506.5, 327.688,1.414, 727
117.0, 505.5, 329.2,2.236, 728
-27.0, 509.0, 327.8,1.732, 729
180.0, 505.5, 327.379,2.449, 730
-45.0, 508.5, 324.824,2.828, 731
45.0, 509.0, 325.318,1.414, 732
180.0, 508.0, 325.309,2.0, 733
180.0, 506.5, 325.882,2.236, 734
0.0, 508.0, 325.0,2.449, 735
undef, 508.091, 325.641,2.449, 736
-14.0, 512.5, 324.758,2.0, 737
135.0, 511.5, 325.767,2.236, 738
undef, 511.5, 325.167,2.449, 739
180.0, 510.0, 325.95,2.0, 740
0.0, 511.5, 325.167,2.236, 741
undef, 511.5, 325.81,2.236, 742
undef, 511.5, 325.167,2.0, 743
-45.0, 512.073, 324.976,2.0, 744
undef, 512.0, 325.983,1.414, 745
0.0, 513.036, 325.626,2.236, 746
135.0, 512.951, 326.66,2.236, 747
-135.0, 511.5, 325.833,2.449, 748
18.0, 514.175, 326.175,0.0, 749
180.0, 513.5, 326.431,2.449, 750
-45.0, 514.23, 325.499,2.236, 751
180.0, 513.766, 325.669,1.414, 752
-45.0, 514.337, 324.181,2.236, 753
0.0, 515.097, 324.546,1.414, 754
180.0, 514.805, 324.834,2.236, 755
undef, 514.32, 324.634,2.236, 756
undef, 514.5, 325.033,2.0, 757
undef, 514.998, 326.778,2.236, 758
-135.0, 513.807, 325.36,2.236, 759
undef, 513.629, 327.374,0.0, 760
-146.0, 510.5, 325.468,1.414, 761
undef, 510.5, 325.468,1.732, 762
undef, 510.5, 325.468,2.0, 763
0.0, 512.5, 325.113,2.0, 764
146.0, 509.0, 327.417,2.449, 765
-18.0, 512.5, 326.81,1.0, 766
162.0, 509.0, 327.8,2.0, 767
135.0, 508.5, 328.328,2.828, 768
undef, 508.5, 328.0,2.449, 769
180.0, 505.0, 328.517,2.0, 770
180.0, 504.239, 328.536,2.646, 771
-135.0, 503.77, 327.856,2.236, 772
27.0, 505.5, 328.8,0.0, 773
135.0, 504.211, 329.316,2.646, 774
-45.0, 506.5, 327.661,2.449, 775
135.0, 505.5, 328.048,2.0, 776
180.0, 504.5, 328.435,2.449, 777
0.0, 506.0, 328.242,2.236, 778
-30.0, 513.0, 324.424,2.449, 779
undef, 513.0, 324.424,2.646, 780
166.0, 509.5, 325.118,2.0, 781
166.0, 505.5, 326.591,2.646, 782
-27.0, 507.5, 325.864,2.646, 783
-18.0, 513.5, 323.833,1.732, 784
156.0, 504.0, 327.136,2.828, 785
-27.0, 510.515, 324.767,1.0, 786
0.0, 511.283, 324.436,2.646, 787
-45.0, 512.5, 323.971,2.236, 788
135.0, 511.0, 324.544,1.414, 789
0.0, 512.5, 324.409,2.449, 790
180.0, 506.5, 324.861,2.236, 791
undef, 506.0, 325.042,1.414, 792
0.0, 508.0, 325.353,2.236, 793
undef, 508.5, 324.5,2.449, 794
0.0, 509.5, 324.443,1.0, 795
63.0, 510.0, 326.297,2.236, 796
135.0, 509.0, 327.0,1.732, 797
0.0, 511.0, 327.0,2.449, 798
-153.0, 509.5, 326.887,2.449, 799
0.0, 511.0, 326.581,1.0, 800
-45.0, 513.0, 324.424,2.449, 801
undef, 513.5, 324.227,2.0, 802
-45.0, 514.604, 323.793,2.0, 803
undef, 514.194, 324.427,1.414, 804
undef, 514.349, 325.176,2.236, 805
-135.0, 513.898, 324.713,2.236, 806
-45.0, 514.5, 323.833,0.0, 807
undef, 514.5, 324.469,1.414, 808
166.0, 510.394, 325.451,2.236, 809
undef, 510.5, 326.094,2.646, 810
undef, 510.078, 325.831,2.236, 811
0.0, 512.0, 325.484,1.0, 812
180.0, 509.589, 325.468,2.449, 813
0.0, 511.5, 325.438,2.646, 814
-45.0, 512.0, 324.591,2.449, 815
162.0, 506.0, 326.773,1.414, 816
-11.0, 511.5, 325.438,2.828, 817
-45.0, 512.0, 324.294,2.449, 818
-18.0, 515.0, 323.397,1.414, 819
180.0, 514.0, 323.514,2.0, 820
[end]
